 Topography alternative nr.      1
    NBI    MBI    NBE    MBE     NC     MC
      9      9      1      1     10     10
      ND     MD    NLI    MLI    NLE    MLE    NLC    MLC
     30     41    180    180     10     33    144    220
 Number of depths:  30
    1  0.0000000    
    2   2.083965    
    3   4.167931    
    4   6.251896    
    5   8.335861    
    6   10.41983    
    7   12.50379    
    8   14.58776    
    9   16.67172    
   10   18.75569    
   11   20.83965    
   12   22.92362    
   13   25.21598    
   14   27.73758    
   15   30.51134    
   16   33.56247    
   17   36.91872    
   18   40.61059    
   19   44.67165    
   20   49.13882    
   21   54.05270    
   22   59.45798    
   23   65.40377    
   24   71.94415    
   25   79.13857    
   26   87.05243    
   27   95.75768    
   28   105.3334    
   29   115.8668    
   30   160.0000    
 Number of internal basins:  9
 
 === Internal basin nr.      1 name:BUNNEFJORDEN                                 
   VTOTZ:  2920226505.10073
   ZBOTMI:  155.000000000000
   Layer index limits:
   1  29
   Basin topography:
        Depth      Total Area     Bottom Area Volume fraction
  Ã----  at top of layer ----´  Ã----          of layer----´ 
   0.0000000      0.5073400E+08   1046151.      0.3583209E-01
    2.083965      0.4968785E+08   1046151.      0.3508553E-01
    4.167931      0.4864170E+08   1046151.      0.3433896E-01
    6.251896      0.4759555E+08   1046151.      0.3359239E-01
    8.335861      0.4654940E+08   1052574.      0.3284537E-01
    10.41983      0.4549682E+08   1078035.      0.3208330E-01
    12.50379      0.4441879E+08   1078035.      0.3131398E-01
    14.58776      0.4334075E+08   1078035.      0.3054466E-01
    16.67172      0.4226272E+08   1078035.      0.2977534E-01
    18.75569      0.4118468E+08   1077196.      0.2900614E-01
    20.83965      0.4010749E+08   1075952.      0.2823805E-01
    22.92362      0.3903154E+08   1183547.      0.3017501E-01
    25.21598      0.3784799E+08   1301902.      0.3211943E-01
    27.73758      0.3654609E+08   1374896.      0.3403794E-01
    30.51134      0.3517119E+08   1234014.      0.3610318E-01
    33.56247      0.3393718E+08   1357415.      0.3822432E-01
    36.91872      0.3257976E+08   1487477.      0.4025163E-01
    40.61059      0.3109229E+08   1753972.      0.4201940E-01
    44.67165      0.2933831E+08   1929369.      0.4340407E-01
    49.13882      0.2740894E+08   2784518.      0.4387608E-01
    54.05270      0.2462443E+08   3217759.      0.4260124E-01
    59.45798      0.2140667E+08   2508494.      0.4093614E-01
    65.40377      0.1889817E+08   2592119.      0.3938106E-01
    71.94415      0.1630605E+08   2358034.      0.3708237E-01
    79.13857      0.1394802E+08   1746136.      0.3535073E-01
    87.05243      0.1220188E+08   1927846.      0.3354211E-01
    95.75768      0.1027404E+08   2612339.      0.2973019E-01
    105.3334       7661699.       2873089.      0.2214260E-01
    115.8668       4788610.       4788610.      0.2636666E-01
 
 === Internal basin nr.      2 name:LYSAKERFJORDEN                               
   VTOTZ:  267125004.734844
   ZBOTMI:  80.0000000000000
   Layer index limits:
   30  52
   Basin topography:
        Depth      Total Area     Bottom Area Volume fraction
  Ã----  at top of layer ----´  Ã----          of layer----´ 
   0.0000000       7536000.       294464.2      0.5764318E-01
    2.083965       7241536.       294464.2      0.5534593E-01
    4.167931       6947071.       294464.2      0.5304868E-01
    6.251896       6652607.       294464.2      0.5075143E-01
    8.335861       6358143.       271331.8      0.4847236E-01
    10.41983       6086811.       179637.8      0.4678530E-01
    12.50379       5907173.       179637.8      0.4538386E-01
    14.58776       5727535.       179637.8      0.4398243E-01
    16.67172       5547898.       179637.8      0.4258099E-01
    18.75569       5368260.       209529.4      0.4113257E-01
    20.83965       5158730.       253827.0      0.3925553E-01
    22.92362       4904903.       279209.7      0.4089393E-01
    25.21598       4625694.       307130.7      0.4221586E-01
    27.73758       4318563.       315651.7      0.4311007E-01
    30.51134       4002911.       239209.0      0.4435561E-01
    33.56247       3763702.       263129.9      0.4563539E-01
    36.91872       3500572.       290175.6      0.4637960E-01
    40.61059       3210397.       323260.4      0.4634993E-01
    44.67165       2887136.       355586.5      0.4530870E-01
    49.13882       2531550.       555279.7      0.4172625E-01
    54.05270       1976270.       649173.2      0.3342180E-01
    59.45798       1327097.       463355.3      0.2412800E-01
    65.40377       863741.8       863741.8      0.2209260E-01
 
 === Internal basin nr.      3 name:VESTFJORDEN                                  
   VTOTZ:  5461200053.72912
   ZBOTMI:  160.000000000000
   Layer index limits:
   53  80
   Basin topography:
        Depth      Total Area     Bottom Area Volume fraction
  Ã----  at top of layer ----´  Ã----          of layer----´ 
   0.0000000      0.1099000E+09   2277774.      0.4150267E-01
    2.083965      0.1076222E+09   2277774.      0.4063348E-01
    4.167931      0.1053445E+09   2277774.      0.3976430E-01
    6.251896      0.1030667E+09   2277774.      0.3889511E-01
    8.335861      0.1007889E+09   2346626.      0.3802328E-01
    10.41983      0.9844228E+08   2619544.      0.3706526E-01
    12.50379      0.9582274E+08   2619544.      0.3606565E-01
    14.58776      0.9320319E+08   2619544.      0.3506605E-01
    16.67172      0.9058365E+08   2619544.      0.3406644E-01
    18.75569      0.8796410E+08   2731218.      0.3305825E-01
    20.83965      0.8523288E+08   2896713.      0.3197174E-01
    22.92362      0.8233617E+08   3186384.      0.3389222E-01
    25.21598      0.7914979E+08   3505023.      0.3573663E-01
    27.73758      0.7564476E+08   3600878.      0.3745299E-01
    30.51134      0.7204389E+08   2721611.      0.3949015E-01
    33.56247      0.6932227E+08   2993773.      0.4168293E-01
    36.91872      0.6632850E+08   3555095.      0.4371154E-01
    40.61059      0.6277341E+08   5364662.      0.4468496E-01
    44.67165      0.5740874E+08   5901128.      0.4454584E-01
    49.13882      0.5150762E+08   7569259.      0.4302523E-01
    54.05270      0.4393836E+08   8578166.      0.3924323E-01
    59.45798      0.3536019E+08   5307499.      0.3540377E-01
    65.40377      0.3005269E+08   4745049.      0.3288166E-01
    71.94415      0.2530764E+08   3561237.      0.3099378E-01
    79.13857      0.2174641E+08   3226222.      0.2912078E-01
    87.05243      0.1852019E+08   4480848.      0.2622679E-01
    95.75768      0.1403934E+08   5911410.      0.1959168E-01
    105.3334       8127928.       8127928.      0.1620360E-01
 
 === Internal basin nr.      4 name:BUNNEBOTTEN                                  
   VTOTZ:  12299999.7250736
   ZBOTMI:  30.0000000000000
   Layer index limits:
   81  92
   Basin topography:
        Depth      Total Area     Bottom Area Volume fraction
  Ã----  at top of layer ----´  Ã----          of layer----´ 
   0.0000000       955000.0       81899.84      0.1548657    
    2.083965       873100.1       81899.84      0.1409896    
    4.167931       791200.3       81899.84      0.1271135    
    6.251896       709300.5       81899.84      0.1132373    
    8.335861       627400.6       81186.13      0.9937340E-01
    10.41983       546214.5       78357.09      0.8590613E-01
    12.50379       467857.4       78357.09      0.7263024E-01
    14.58776       389500.3       78357.09      0.5935435E-01
    16.67172       311143.2       78357.09      0.4607845E-01
    18.75569       232786.1       61648.00      0.3337288E-01
    20.83965       171138.1       36886.20      0.2587083E-01
    22.92362       134252.0       134252.0      0.4120754E-01
 
 === Internal basin nr.      5 name:BEKKELAGSBASSENGET                           
   VTOTZ:  244495497.494936
   ZBOTMI:  75.0000000000000
   Layer index limits:
   93  114
   Basin topography:
        Depth      Total Area     Bottom Area Volume fraction
  Ã----  at top of layer ----´  Ã----          of layer----´ 
   0.0000000       6804000.       277375.7      0.5681200E-01
    2.083965       6526624.       277375.7      0.5444778E-01
    4.167931       6249248.       277375.7      0.5208356E-01
    6.251896       5971873.       277375.7      0.4971934E-01
    8.335861       5694497.       256174.5      0.4737332E-01
    10.41983       5438322.       172135.6      0.4562012E-01
    12.50379       5266187.       172135.6      0.4415291E-01
    14.58776       5094051.       172135.6      0.4268571E-01
    16.67172       4921916.       172135.6      0.4121851E-01
    18.75569       4749780.       157609.6      0.3977625E-01
    20.83965       4592171.       136082.9      0.3856157E-01
    22.92362       4456088.       149691.2      0.4107803E-01
    25.21598       4306396.       164660.4      0.4356481E-01
    27.73758       4141736.       180177.6      0.4596084E-01
    30.51134       3961558.       193577.5      0.4822965E-01
    33.56247       3767981.       212935.2      0.5026247E-01
    36.91872       3555046.       280562.5      0.5179037E-01
    40.61059       3274483.       435751.8      0.5077012E-01
    44.67165       2838731.       479326.9      0.4748746E-01
    49.13882       2359404.       569813.1      0.4176831E-01
    54.05270       1789591.       636741.0      0.3252554E-01
    59.45798       1152850.       1152850.      0.3411134E-01
 
 === Internal basin nr.      6 name:OSLOHAVN                                     
   VTOTZ:  81893000.5739676
   ZBOTMI:  30.0000000000000
   Layer index limits:
   115  125
   Basin topography:
        Depth      Total Area     Bottom Area Volume fraction
  Ã----  at top of layer ----´  Ã----          of layer----´ 
   0.0000000       5843000.       706406.3      0.1395096    
    2.083965       5136594.       332739.9      0.1264794    
    4.167931       4803854.       383483.3      0.1176241    
    6.251896       4420370.       417209.8      0.1071786    
    8.335861       4003161.       394371.3      0.9662018E-01
    10.41983       3608789.       303842.2      0.8796837E-01
    12.50379       3304947.       303842.2      0.8023637E-01
    14.58776       3001105.       378066.6      0.7174678E-01
    16.67172       2623038.       396370.2      0.6170625E-01
    18.75569       2226668.       480167.5      0.5119007E-01
    20.83965       1746501.       1746501.      0.5974037E-01
 
 === Internal basin nr.      7 name:BÃ†RUMSBASSENGET                             
   VTOTZ:  86675002.1080952
   ZBOTMI:  30.0000000000000
   Layer index limits:
   126  136
   Basin topography:
        Depth      Total Area     Bottom Area Volume fraction
  Ã----  at top of layer ----´  Ã----          of layer----´ 
   0.0000000       8581000.       1065115.      0.1935123    
    2.083965       7515886.       1065115.      0.1679032    
    4.167931       6450771.       1065115.      0.1422942    
    6.251896       5385656.       1065115.      0.1166852    
    8.335861       4320541.       958184.9      0.9133514E-01
    10.41983       3362357.       534328.7      0.7441907E-01
    12.50379       2828028.       534328.7      0.6157197E-01
    14.58776       2293699.       534328.7      0.4872487E-01
    16.67172       1759370.       534328.7      0.3587777E-01
    18.75569       1225042.       394946.3      0.2370579E-01
    20.83965       830095.4       830095.4      0.4397048E-01
 
 === Internal basin nr.      8 name:HOLMENFJORDEN                                
   VTOTZ:  77564999.1631508
   ZBOTMI:  60.0000000000000
   Layer index limits:
   137  156
   Basin topography:
        Depth      Total Area     Bottom Area Volume fraction
  Ã----  at top of layer ----´  Ã----          of layer----´ 
   0.0000000       4575000.       396161.8      0.1175962    
    2.083965       4178838.       396161.8      0.1069524    
    4.167931       3782676.       396161.8      0.9630855E-01
    6.251896       3386515.       396161.8      0.8566473E-01
    8.335861       2990353.       372525.5      0.7508489E-01
    10.41983       2617827.       278834.6      0.6658829E-01
    12.50379       2338993.       278834.6      0.5909674E-01
    14.58776       2060158.       278834.6      0.5160520E-01
    16.67172       1781324.       278834.6      0.4411366E-01
    18.75569       1502489.       224425.1      0.3691661E-01
    20.83965       1278064.       143793.6      0.3240651E-01
    22.92362       1134270.       158173.0      0.3118499E-01
    25.21598       976097.3       173990.3      0.2890426E-01
    27.73758       802107.0       163879.3      0.2535230E-01
    30.51134       638227.7       46377.26      0.2419348E-01
    33.56247       591850.4       51014.98      0.2450574E-01
    36.91872       540835.4       57520.85      0.2440121E-01
    40.61059       483314.6       71068.55      0.2344437E-01
    44.67165       412246.0       78175.41      0.2149114E-01
    49.13882       334070.6       334070.6      0.2418881E-01
 
 === Internal basin nr.      9 name:STEILENENORD                                 
   VTOTZ:  166612500.175834
   ZBOTMI:  85.0000000000000
   Layer index limits:
   157  180
   Basin topography:
        Depth      Total Area     Bottom Area Volume fraction
  Ã----  at top of layer ----´  Ã----          of layer----´ 
   0.0000000       3531000.       62935.71      0.4377165E-01
    2.083965       3468064.       62935.71      0.4298445E-01
    4.167931       3405128.       62935.71      0.4219726E-01
    6.251896       3342193.       62935.71      0.4141007E-01
    8.335861       3279257.       62935.72      0.4062288E-01
    10.41983       3216321.       62935.76      0.3983569E-01
    12.50379       3153386.       62935.76      0.3904850E-01
    14.58776       3090450.       62935.76      0.3826131E-01
    16.67172       3027514.       62935.76      0.3747412E-01
    18.75569       2964578.       62935.76      0.3668692E-01
    20.83965       2901643.       62935.78      0.3589974E-01
    22.92362       2838707.       69229.36      0.3858051E-01
    25.21598       2769477.       76152.29      0.4133842E-01
    27.73758       2693325.       94659.03      0.4412438E-01
    30.51134       2598666.       157133.5      0.4614997E-01
    33.56247       2441533.       172846.8      0.4744140E-01
    36.91872       2268686.       190192.5      0.4816392E-01
    40.61059       2078493.       209550.7      0.4810796E-01
    44.67165       1868943.       230505.8      0.4701942E-01
    49.13882       1638437.       138054.3      0.4598792E-01
    54.05270       1500383.       124861.7      0.4665028E-01
    59.45798       1375521.       309728.4      0.4384122E-01
    65.40377       1065792.       350000.1      0.3483400E-01
    71.94415       715792.3       715792.3      0.2956799E-01
 Number of external basins:  1

=== External basin nr.      1 name:YTRE-OSLOFJORD                               
   Layer index limits:
   1  10
   ZBOTME:  20.0000000000000

Number of connections:    10

Connection nr.      1
  Connected basins:
=== Internal basin nr.      2 name:LYSAKERFJORDEN                               
=== Internal basin nr.      3 name:VESTFJORDEN                                  
   WVDIR:  70.0000000000000
   ZSill:  54.0000000000000
   Buffer mixing (days):  0.500000000000000  0.500000000000000
   Layer index limits for connections:
   1  20
   Transport width of connected layers:
      DEPTH      MEAN  [       -------- BUFFER VOLUMES ---------  ]
   (AT TOP)     WIDTH  [             BASIN 1             BASIN 2  ]
                            VBUFMX       VBUFTR       VBUFMX       VBUFTR
 .00000      0.24E+04  0.25181E+07  0.10072E+07  0.40594E+07  0.16237E+07
 2.0840      0.22E+04  0.23444E+07  0.93775E+06  0.38422E+07  0.15369E+07
 4.1679      0.21E+04  0.21707E+07  0.86827E+06  0.36251E+07  0.14500E+07
 6.2519      0.19E+04  0.19969E+07  0.79878E+06  0.34079E+07  0.13632E+07
 8.3359      0.17E+04  0.18232E+07  0.72929E+06  0.31908E+07  0.12763E+07
 10.420      0.16E+04  0.16495E+07  0.65981E+06  0.29736E+07  0.11895E+07
 12.504      0.14E+04  0.14758E+07  0.59032E+06  0.27565E+07  0.11026E+07
 14.588      0.12E+04  0.13021E+07  0.52083E+06  0.25393E+07  0.10157E+07
 16.672      0.11E+04  0.11284E+07  0.45135E+06  0.23222E+07  0.92888E+06
 18.756      0.93E+03  0.96611E+06  0.38644E+06  0.21156E+07  0.84625E+06
 20.840      0.87E+03  0.90838E+06  0.36335E+06  0.20055E+07  0.80222E+06
 22.924      0.84E+03  0.96159E+06  0.38464E+06  0.21058E+07  0.84231E+06
 25.216      0.80E+03  0.10122E+07  0.40489E+06  0.21950E+07  0.87798E+06
 27.738      0.76E+03  0.10584E+07  0.42335E+06  0.22676E+07  0.90703E+06
 30.511      0.72E+03  0.10976E+07  0.43903E+06  0.23166E+07  0.92664E+06
 33.562      0.67E+03  0.11267E+07  0.45067E+06  0.23332E+07  0.93329E+06
 36.919      0.62E+03  0.11392E+07  0.45567E+06  0.23021E+07  0.92083E+06
 40.611      0.49E+03  0.98848E+06  0.39539E+06  0.19770E+07  0.79078E+06
 44.672      0.30E+03  0.67915E+06  0.27166E+06  0.13583E+07  0.54332E+06
 49.139      0.10E+03  0.25319E+06  0.10128E+06  0.50638E+06  0.20255E+06

Connection nr.      2
  Connected basins:
=== Internal basin nr.      7 name:BÃ†RUMSBASSENGET                             
=== Internal basin nr.      3 name:VESTFJORDEN                                  
   WVDIR:  90.0000000000000
   ZSill:  12.0000000000000
   Buffer mixing (days):  0.500000000000000  0.500000000000000
   Layer index limits for connections:
   21  26
   Transport width of connected layers:
      DEPTH      MEAN  [       -------- BUFFER VOLUMES ---------  ]
   (AT TOP)     WIDTH  [             BASIN 1             BASIN 2  ]
                            VBUFMX       VBUFTR       VBUFMX       VBUFTR
 .00000      0.13E+03   27873.       27873.      0.20405E+06  0.20405E+06
 2.0840      0.12E+03   25267.       25267.      0.19537E+06  0.19537E+06
 4.1679      0.11E+03   22661.       22661.      0.18668E+06  0.18668E+06
 6.2519       96.       20055.       20055.      0.17800E+06  0.17800E+06
 8.3359       82.       17150.       17150.      0.16596E+06  0.16596E+06
 10.420       32.       4993.9       4993.9       49939.       49939.    

Connection nr.      3
  Connected basins:
=== Internal basin nr.      5 name:BEKKELAGSBASSENGET                           
=== Internal basin nr.      1 name:BUNNEFJORDEN                                 
   WVDIR:  70.0000000000000
   ZSill:  43.0000000000000
   Buffer mixing (days):  0.500000000000000  0.500000000000000
   Layer index limits for connections:
   27  44
   Transport width of connected layers:
      DEPTH      MEAN  [       -------- BUFFER VOLUMES ---------  ]
   (AT TOP)     WIDTH  [             BASIN 1             BASIN 2  ]
                            VBUFMX       VBUFTR       VBUFMX       VBUFTR
 .00000      0.26E+04  0.53249E+06  0.53249E+06  0.53249E+06  0.53249E+06
 2.0840      0.25E+04  0.51382E+06  0.51382E+06  0.51382E+06  0.51382E+06
 4.1679      0.24E+04  0.49569E+06  0.49569E+06  0.49569E+06  0.49569E+06
 6.2519      0.23E+04  0.47982E+06  0.47982E+06  0.47982E+06  0.47982E+06
 8.3359      0.22E+04  0.46413E+06  0.46413E+06  0.46413E+06  0.46413E+06
 10.420      0.21E+04  0.44672E+06  0.44672E+06  0.44672E+06  0.44672E+06
 12.504      0.21E+04  0.42848E+06  0.42848E+06  0.42848E+06  0.42848E+06
 14.588      0.19E+04  0.40283E+06  0.40283E+06  0.40283E+06  0.40283E+06
 16.672      0.17E+04  0.36274E+06  0.36274E+06  0.36274E+06  0.36274E+06
 18.756      0.16E+04  0.32992E+06  0.32992E+06  0.32992E+06  0.32992E+06
 20.840      0.14E+04  0.29738E+06  0.29738E+06  0.29738E+06  0.29738E+06
 22.924      0.13E+04  0.28911E+06  0.28911E+06  0.28911E+06  0.28911E+06
 25.216      0.11E+04  0.28964E+06  0.28964E+06  0.28964E+06  0.28964E+06
 27.738      0.11E+04  0.29678E+06  0.29678E+06  0.29678E+06  0.29678E+06
 30.511      0.80E+03  0.24268E+06  0.24268E+06  0.24268E+06  0.24268E+06
 33.562      0.42E+03  0.15556E+06  0.15556E+06  0.15556E+06  0.15556E+06
 36.919      0.12E+03  0.15690E+06  0.15690E+06  0.15690E+06  0.15690E+06
 40.611       9.9       80300.       80300.       80300.       80300.    

Connection nr.      4
  Connected basins:
=== Internal basin nr.      6 name:OSLOHAVN                                     
=== Internal basin nr.      5 name:BEKKELAGSBASSENGET                           
   WVDIR:  0.000000000000000
   ZSill:  20.0000000000000
   Buffer mixing (days):  1.00000000000000  1.00000000000000
   Layer index limits for connections:
   45  54
   Transport width of connected layers:
      DEPTH      MEAN  [       -------- BUFFER VOLUMES ---------  ]
   (AT TOP)     WIDTH  [             BASIN 1             BASIN 2  ]
                            VBUFMX       VBUFTR       VBUFMX       VBUFTR
 .00000      0.57E+03  0.00000      0.00000      0.00000      0.00000    
 2.0840      0.51E+03  0.00000      0.00000      0.00000      0.00000    
 4.1679      0.45E+03  0.00000      0.00000      0.00000      0.00000    
 6.2519      0.41E+03  0.00000      0.00000      0.00000      0.00000    
 8.3359      0.37E+03  0.00000      0.00000      0.00000      0.00000    
 10.420      0.34E+03  0.00000      0.00000      0.00000      0.00000    
 12.504      0.32E+03  0.00000      0.00000      0.00000      0.00000    
 14.588      0.29E+03  0.00000      0.00000      0.00000      0.00000    
 16.672      0.22E+03  0.00000      0.00000      0.00000      0.00000    
 18.756       68.      0.00000      0.00000      0.00000      0.00000    

Connection nr.      5
  Connected basins:
=== Internal basin nr.      6 name:OSLOHAVN                                     
=== Internal basin nr.      1 name:BUNNEFJORDEN                                 
   WVDIR:  60.0000000000000
   ZSill:  20.0000000000000
   Buffer mixing (days):  1.00000000000000  1.00000000000000
   Layer index limits for connections:
   55  64
   Transport width of connected layers:
      DEPTH      MEAN  [       -------- BUFFER VOLUMES ---------  ]
   (AT TOP)     WIDTH  [             BASIN 1             BASIN 2  ]
                            VBUFMX       VBUFTR       VBUFMX       VBUFTR
 .00000      0.93E+03  0.00000      0.00000      0.00000      0.00000    
 2.0840      0.85E+03  0.00000      0.00000      0.00000      0.00000    
 4.1679      0.74E+03  0.00000      0.00000      0.00000      0.00000    
 6.2519      0.61E+03  0.00000      0.00000      0.00000      0.00000    
 8.3359      0.45E+03  0.00000      0.00000      0.00000      0.00000    
 10.420      0.32E+03  0.00000      0.00000      0.00000      0.00000    
 12.504      0.20E+03  0.00000      0.00000      0.00000      0.00000    
 14.588      0.13E+03  0.00000      0.00000      0.00000      0.00000    
 16.672       94.      0.00000      0.00000      0.00000      0.00000    
 18.756       30.      0.00000      0.00000      0.00000      0.00000    

Connection nr.      6
  Connected basins:
=== Internal basin nr.      9 name:STEILENENORD                                 
=== Internal basin nr.      3 name:VESTFJORDEN                                  
   WVDIR:  90.0000000000000
   ZSill:  50.0000000000000
   Buffer mixing (days):  0.500000000000000  0.500000000000000
   Layer index limits for connections:
   65  84
   Transport width of connected layers:
      DEPTH      MEAN  [       -------- BUFFER VOLUMES ---------  ]
   (AT TOP)     WIDTH  [             BASIN 1             BASIN 2  ]
                            VBUFMX       VBUFTR       VBUFMX       VBUFTR
 .00000      0.37E+04  0.77206E+06  0.77206E+06  0.77206E+06  0.77206E+06
 2.0840      0.36E+04  0.74904E+06  0.74904E+06  0.74904E+06  0.74904E+06
 4.1679      0.35E+04  0.72603E+06  0.72603E+06  0.72603E+06  0.72603E+06
 6.2519      0.34E+04  0.70301E+06  0.70301E+06  0.70301E+06  0.70301E+06
 8.3359      0.33E+04  0.67999E+06  0.67999E+06  0.67999E+06  0.67999E+06
 10.420      0.32E+04  0.65698E+06  0.65698E+06  0.65698E+06  0.65698E+06
 12.504      0.30E+04  0.63396E+06  0.63396E+06  0.63396E+06  0.63396E+06
 14.588      0.29E+04  0.61094E+06  0.61094E+06  0.61094E+06  0.61094E+06
 16.672      0.28E+04  0.58792E+06  0.58792E+06  0.58792E+06  0.58792E+06
 18.756      0.27E+04  0.56304E+06  0.56304E+06  0.56304E+06  0.56304E+06
 20.840      0.25E+04  0.52111E+06  0.52111E+06  0.52111E+06  0.52111E+06
 22.924      0.23E+04  0.52005E+06  0.52005E+06  0.52005E+06  0.52005E+06
 25.216      0.20E+04  0.50771E+06  0.50771E+06  0.50771E+06  0.50771E+06
 27.738      0.17E+04  0.48053E+06  0.48053E+06  0.48053E+06  0.48053E+06
 30.511      0.14E+04  0.42954E+06  0.42954E+06  0.42954E+06  0.42954E+06
 33.562      0.10E+04  0.34991E+06  0.34991E+06  0.34991E+06  0.34991E+06
 36.919      0.64E+03  0.23871E+06  0.23871E+06  0.23871E+06  0.23871E+06
 40.611      0.38E+03  0.20305E+06  0.20305E+06  0.20305E+06  0.20305E+06
 44.672      0.19E+03  0.22336E+06  0.22336E+06  0.22336E+06  0.22336E+06
 49.139       69.       43059.       43059.       43059.       43059.    

Connection nr.      7
  Connected basins:
=== Internal basin nr.      4 name:BUNNEBOTTEN                                  
=== Internal basin nr.      1 name:BUNNEFJORDEN                                 
   WVDIR:  180.000000000000
   ZSill:  20.0000000000000
   Buffer mixing (days):  0.500000000000000  0.500000000000000
   Layer index limits for connections:
   85  94
   Transport width of connected layers:
      DEPTH      MEAN  [       -------- BUFFER VOLUMES ---------  ]
   (AT TOP)     WIDTH  [             BASIN 1             BASIN 2  ]
                            VBUFMX       VBUFTR       VBUFMX       VBUFTR
 .00000      0.24E+03   50145.       50145.       99855.       99855.    
 2.0840      0.22E+03   46236.       46236.       91170.       91170.    
 4.1679      0.20E+03   42328.       42328.       82484.       82484.    
 6.2519      0.18E+03   38419.       38419.       73798.       73798.    
 8.3359      0.17E+03   34449.       34449.       65024.       65024.    
 10.420      0.14E+03   28469.       28469.       53380.       53380.    
 12.504      0.10E+03   21521.       21521.       40351.       40351.    
 14.588       70.       14572.       14572.       27322.       27322.    
 16.672       37.       7623.3       7623.3       14294.       14294.    
 18.756       10.       1238.7       1238.7       2322.5       2322.5    

Connection nr.      8
  Connected basins:
=== Internal basin nr.      8 name:HOLMENFJORDEN                                
=== Internal basin nr.      3 name:VESTFJORDEN                                  
   WVDIR:  310.000000000000
   ZSill:  60.0000000000000
   Buffer mixing (days):  0.500000000000000  0.500000000000000
   Layer index limits for connections:
   95  114
   Transport width of connected layers:
      DEPTH      MEAN  [       -------- BUFFER VOLUMES ---------  ]
   (AT TOP)     WIDTH  [             BASIN 1             BASIN 2  ]
                            VBUFMX       VBUFTR       VBUFMX       VBUFTR
 .00000      0.97E+03  0.12074E+07  0.60369E+06  0.24486E+07  0.12243E+07
 2.0840      0.90E+03  0.11214E+07  0.56070E+06  0.23444E+07  0.11722E+07
 4.1679      0.83E+03  0.10354E+07  0.51770E+06  0.22402E+07  0.11201E+07
 6.2519      0.76E+03  0.94942E+06  0.47471E+06  0.21360E+07  0.10680E+07
 8.3359      0.69E+03  0.86343E+06  0.43171E+06  0.20323E+07  0.10161E+07
 10.420      0.62E+03  0.77744E+06  0.38872E+06  0.19458E+07  0.97289E+06
 12.504      0.55E+03  0.69145E+06  0.34572E+06  0.18676E+07  0.93380E+06
 14.588      0.48E+03  0.60546E+06  0.30273E+06  0.17894E+07  0.89471E+06
 16.672      0.42E+03  0.51947E+06  0.25973E+06  0.17113E+07  0.85563E+06
 18.756      0.35E+03  0.43919E+06  0.21959E+06  0.16331E+07  0.81654E+06
 20.840      0.33E+03  0.41101E+06  0.20551E+06  0.15549E+07  0.77746E+06
 22.924      0.32E+03  0.43406E+06  0.21703E+06  0.16201E+07  0.81006E+06
 25.216      0.30E+03  0.45561E+06  0.22781E+06  0.16729E+07  0.83644E+06
 27.738      0.29E+03  0.47466E+06  0.23733E+06  0.17088E+07  0.85438E+06
 30.511      0.27E+03  0.48649E+06  0.24324E+06  0.17561E+07  0.87805E+06
 33.562      0.24E+03  0.48998E+06  0.24499E+06  0.18027E+07  0.90134E+06
 36.919      0.22E+03  0.48433E+06  0.24217E+06  0.18257E+07  0.91285E+06
 40.611      0.19E+03  0.46665E+06  0.23332E+06  0.17562E+07  0.87812E+06
 44.672      0.16E+03  0.43331E+06  0.21665E+06  0.15890E+07  0.79450E+06
 49.139       76.      0.49390E+06  0.24695E+06  0.17650E+07  0.88251E+06

Connection nr.      9
  Connected basins:
=== Internal basin nr.      1 name:BUNNEFJORDEN                                 
=== Internal basin nr.      2 name:LYSAKERFJORDEN                               
   WVDIR:  110.000000000000
   ZSill:  54.0000000000000
   Buffer mixing (days):  1.00000000000000  1.00000000000000
   Layer index limits for connections:
   115  134
   Transport width of connected layers:
      DEPTH      MEAN  [       -------- BUFFER VOLUMES ---------  ]
   (AT TOP)     WIDTH  [             BASIN 1             BASIN 2  ]
                            VBUFMX       VBUFTR       VBUFMX       VBUFTR
 .00000      0.24E+04  0.00000      0.00000      0.00000      0.00000    
 2.0840      0.22E+04  0.00000      0.00000      0.00000      0.00000    
 4.1679      0.21E+04  0.00000      0.00000      0.00000      0.00000    
 6.2519      0.19E+04  0.00000      0.00000      0.00000      0.00000    
 8.3359      0.17E+04  0.00000      0.00000      0.00000      0.00000    
 10.420      0.16E+04  0.00000      0.00000      0.00000      0.00000    
 12.504      0.14E+04  0.00000      0.00000      0.00000      0.00000    
 14.588      0.12E+04  0.00000      0.00000      0.00000      0.00000    
 16.672      0.11E+04  0.00000      0.00000      0.00000      0.00000    
 18.756      0.93E+03  0.00000      0.00000      0.00000      0.00000    
 20.840      0.87E+03  0.00000      0.00000      0.00000      0.00000    
 22.924      0.84E+03  0.00000      0.00000      0.00000      0.00000    
 25.216      0.80E+03  0.00000      0.00000      0.00000      0.00000    
 27.738      0.76E+03  0.00000      0.00000      0.00000      0.00000    
 30.511      0.72E+03  0.00000      0.00000      0.00000      0.00000    
 33.562      0.67E+03  0.00000      0.00000      0.00000      0.00000    
 36.919      0.62E+03  0.00000      0.00000      0.00000      0.00000    
 40.611      0.49E+03  0.00000      0.00000      0.00000      0.00000    
 44.672      0.30E+03  0.00000      0.00000      0.00000      0.00000    
 49.139      0.10E+03  0.00000      0.00000      0.00000      0.00000    

Connection nr.     10
  Connected basins:
=== Internal basin nr.      3 name:VESTFJORDEN                                  
=== External basin nr.      1 name:YTRE-OSLOFJORD                               
   WVDIR:  0.000000000000000
   ZSill:  20.0000000000000
   Buffer mixing (days):  1.00000000000000  1.00000000000000
   Layer index limits for connections:
   135  144
   Transport width of connected layers:
      DEPTH      MEAN  [       -------- BUFFER VOLUMES ---------  ]
   (AT TOP)     WIDTH  [             BASIN 1             BASIN 2  ]
                            VBUFMX       VBUFTR       VBUFMX       VBUFTR
 .00000      0.11E+04  0.00000      0.00000      0.00000      0.00000    
 2.0840      0.67E+03  0.00000      0.00000      0.00000      0.00000    
 4.1679      0.62E+03  0.00000      0.00000      0.00000      0.00000    
 6.2519      0.57E+03  0.00000      0.00000      0.00000      0.00000    
 8.3359      0.52E+03  0.00000      0.00000      0.00000      0.00000    
 10.420      0.45E+03  0.00000      0.00000      0.00000      0.00000    
 12.504      0.38E+03  0.00000      0.00000      0.00000      0.00000    
 14.588      0.31E+03  0.00000      0.00000      0.00000      0.00000    
 16.672      0.24E+03  0.00000      0.00000      0.00000      0.00000    
 18.756      0.12E+03  0.00000      0.00000      0.00000      0.00000    
